158
226
224
222
222
222
220
218
214
214
214
210
206
222
226
226
224
222
222
222
220
218
214
214
214
210
206
22
226
226
224
222
222
222
220
218
214
214
214
210
206
252
358
502
674
866
1023
1023
1023
1023
1023
1023
1023
1023
1023
1023
1023
1023
1023
1023
1023
1023
1023
1023
1023
1023
1023
1023
1023
1023
1023
1023
1023
1023
1023
106
442
926
1023
1023
1023
1023
1023
1023
1023
1023
1023
1023
1023
1023
1023
1023
1023
1023
1023
1023
1023
1023
1023
1023
1023
1023
1023
1023
1023
1023
1023
1023
1023
1023
1023
1023
1023
1023
1023
1023
1023
1023
1023
1023
1023
1023
1023
1023
1023
1023
1023
1023
1023
1023
1023
1023
1023
1023
1023
1023
1023
1023
1023
1023
944
828
714
600
490
388
288
190
98
18
25
21
21
21
23
23
23
21
21
21
21
21
21
21
21
21
21
21
21
21
21
21
21
23
23
23
23
23
23
23
23
21
21
23
21
21
23
21
23
23
23
13
21
23
23
23
11
21
21
21
21
21
21
23
23
23
23
23
23
11
21
21
13
23
23
23
21
21
21
21
23
23
23
23
23
23
23
23
23
23
13
23
23
23
23
25
23
23
23
13
23
23
23
23
23
21
23
23
21
23
23
23
23
23
23
21
21
23
23
23
21
21
21
23
23
23
21
21
23
23
21
21
23
13
23
21
21
21
23
21
21
21
21
21
23
23
23
23
21
23
23
23
23
23
21
21
23
23
23
23
23
23
23
13
21
21
23
23
23
21
23
23
23
21
23
21
23
13
23
21
21
21
21
21
21
11
21
21
21
23
23
23
25
23
21
23
23
23
23
23
23
23
23
23
23
23
23
22
21
23
21
21
23
23
23
23
23
23
11
21
21
21
21
23
23
23
23
23
13
23
21
23
23
23
23
21
11
23
23
25
13
21
21
21
23
23
23
21
23
23
23
23
23
23
23
23
21
11
23
23
23
13
21
23
23
23
23
21
23
23
23
23
21
23
23
23
23
23
23
23
21
21
23
23
21
21
21
21
21
21
23
23
23
21
11
21
21
21
21
23
23
23
23
23
23
21
21
21
21
21
21
21
21
23
23
23
23
23
23
23
23
23
23
23
23
23
23
23
23
21
21
21
21
23
23
23
23
23
23
23
23
23
23
23
21
23
13
23
23
23
23
21
21
21
11
23
23
23
23
23
21
23
23
23
21
21
23
23
23
23
23
23
23
13
21
21
21
23
21
21
21
23
23
21
21
21
23
11
21
21
21
21
23
23
21
21
23
21
21
21
23
23
23
23
23
23
21
21
23
21
21
21
21
21
21
21
21
21
23
23
23
23
23
23
23
23
23
23
23
13
23
23
23
23
23
21
23
23
61
61
63
61
85
14
16
20
20
22
26
28
32
34
34
34
34
36
36
32
30
27
26
28
22
20
16
14
10
12
10
85
63
63
81
61
63
41
11
21
41
51
61
41
61
63
10
12
14
12
16
18
22
22
22
20
20
20
20
24
22
22
22
24
22
22
18
16
14
12
16
14
12
10
10
10
10
85
61
63
61
81
83
83
43
23
23
23
23
23
23
23
21
21
21
21
21
23
21
41
21
21
23
23
23
23
23
21
21
23
21
23
21
21
21
21
21
41
51
41
61
83
83
14
16
16
16
18
24
28
28
28
30
32
32
34
34
32
32
32
34
33
32
28
28
28
30
26
24
22
22
20
22
21
18
18
18
20
21
20
20
20
20
20
23
24
24
28
32
36
38
38
38
38
38
44
46
48
46
48
50
52
52
50
48
48
52
54
56
54
54
52
56
54
54
52
50
50
54
52
52
48
46
46
46
48
48
46
44
46
48
48
46
44
44
44
48
48
46
46
44
48
50
48
50
50
54
56
60
56
56
56
56
60
62
62
62
62
62
64
64
62
60
60
64
66
70
68
66
68
68
70
68
64
63
63
66
66
62
62
58
58
60
60
60
58
58
60
64
64
62
60
61
62
66
66
64
60
60
60
60
60
60
60
62
68
70
74
72
74
75
80
82
82
84
84
86
90
92
88
88
88
90
92
94
94
94
94
94
96
94
94
94
96
98
100
98
96
96
94
94
94
92
90
88
90
89
92
90
88
88
90
94
92
92
92
92
92
96
94
94
94
96
98
98
98
98
98
98
102
104
106
106
108
112
116
114
112
114
116
120
122
122
124
128
130
132
128
128
128
132
130
128
124
122
122
120
116
112
108
108
106
104
100
98
98
100
102
104
104
104
108
110
112
114
116
122
122
122
122
122
122
126
124
124
124
124
124
124
122
118
118
122
122
124
122
124
124
128
128
126
124
130
134
134
134
132
134
136
138
138
138
140
144
144
144
144
144
148
148
150
148
148
150
152
152
150
152
154
154
156
154
152
152
154
154
154
152
150
152
152
150
146
144
146
148
150
150
150
152
156
157
157
158
162
166
168
168
168
168
170
172
172
172
172
174
176
176
176
174
180
184
188
186
188
189
192
192
192
191
194
196
198
196
194
196
196
196
196
194
196
198
202
202
200
200
202
204
208
208
210
212
216
218
214
214
212
214
216
212
210
208
208
208
206
206
206
204
206
205
202
200
200
200
202
200
198
198
200
200
196
194
198
202
204
204
200
200
202
204
206
204
204
206
206
206
203
200
201
204
206
205
204
204
204
206
204
202
202
206
208
206
206
206
206
210
210
210
210
212
214
214
214
210
212
212
214
212
206
204
200
200
198
194
194
200
202
206
206
208
212
218
220
222
224
228
230
232
230
228
228
232
234
232
228
224
222
222
220
214
212
214
214
212
212
210
210
212
214
214
214
216
222
222
222
222
226
228
234
236
238
238
240
242
244
240
240
242
242
244
242
236
234
234
234
232
226
224
226
222
220
218
214
216
218
220
222
222
224
228
232
230
232
234
242
246
250
252
256
262
264
264
264
266
266
270
270
268
264
264
266
266
262
260
260
260
258
256
254
254
254
254
254
248
244
246
240
242
238
238
236
238
238
236
232
234
238
240
240
240
240
244
246
244
244
244
246
248
250
248
246
248
250
252
252
252
252
254
254
253
248
248
250
250
250
246
248
248
250
248
246
246
248
250
250
250
250
250
254
256
258
260
264
266
266
264
262
262
264
264
262
262
258
254
256
252
246
244
244
244
242
240
238
238
240
238
238
240
240
246
248
248
244
244
246
248
248
244
242
240
242
240
237
236
236
238
237
236
232
232
232
232
228
228
228
228
234
230
228
228
232
236
242
240
242
246
252
252
252
252
254
258
258
258
254
253
252
252
248
246
244
242
242
240
238
238
236
238
238
236
232
232
230
230
228
226
226
228
232
230
226
226
224
228
226
224
224
226
226
228
224
222
222
226
226
226
224
224
226
228
224
222
224
226
232
232
230
230
230
234
236
238
240
244
248
250
252
250
252
256
262
262
260
260
260
262
260
258
256
260
260
262
258
254
254
256
253
252
250
248
250
250
246
242
242
244
246
248
246
244
246
244
242
240
236
238
240
238
238
234
236
238
238
238
238
238
242
240
242
238
238
238
242
242
240
240
242
244
242
238
240
242
246
248
248
246
248
252
256
258
256
260
262
264
264
262
262
264
268
268
268
268
270
270
268
266
264
264
266
266
266
262
258
258
258
254
252
252
253
256
256
252
250
250
248
248
244
242
238
240
242
240
238
240
244
246
248
246
246
248
250
254
252
254
254
254
253
250
246
244
246
244
240
236
234
234
230
228
221
218
220
220
220
218
216
218
220
220
222
222
226
230
232
234
234
236
238
242
242
240
238
240
240
240
236
236
238
239
238
234
232
232
232
232
230
228
228
230
230
228
226
224
226
230
230
230
230
232
234
236
234
232
236
238
238
236
234
232
232
232
230
226
226
226
226
222
220
216
218
220
220
220
218
220
224
222
220
220
221
224
228
226
226
226
226
230
228
228
226
228
228
228
224
222
224
224
228
224
222
222
224
220
220
214
216
218
218
216
212
212
210
208
206
204
202
204
204
202
200
196
198
200
204
202
204
206
206
210
208
210
210
214
212
212
210
208
206
206
204
202
202
200
204
204
200
196
196
200
202
202
200
200
200
200
200
198
198
200
204
202
202
200
200
200
200
196
194
196
196
196
194
191
191
191
194
191
190
186
188
188
188
186
184
186
186
186
182
180
180
182
182
182
182
182
184
184
184
184
182
186
190
191
190
190
194
194
196
192
192
194
196
196
196
192
192
192
194
192
192
191
194
192
190
188
184
184
186
186
184
180
182
182
180
176
174
174
180
178
178
176
176
178
180
182
178
182
184
184
184
184
182
186
186
188
188
188
188
190
188
186
182
182
184
186
184
181
180
180
182
181
180
180
180
182
182
178
176
174
174
176
174
172
174
174
174
172
170
170
170
170
166
162
158
160
160
162
164
166
168
174
174
174
174
174
178
182
182
182
184
186
188
186
184
184
184
186
184
180
176
176
176
174
172
170
170
170
170
166
164
164
168
170
170
168
170
172
176
178
176
178
182
186
190
190
190
190
192
190
188
186
184
182
180
178
172
168
166
168
164
160
156
158
158
158
156
156
156
160
162
164
162
164
166
170
170
170
172
174
176
176
176
174
176
180
180
180
180
184
188
188
188
188
188
191
190
190
186
186
188
188
185
186
186
186
190
190
186
186
188
191
194
196
196
198
200
202
200
200
204
208
210
214
212
212
216
218
218
218
216
220
222
220
218
218
218
222
222
222
220
220
220
218
216
212
210
214
214
212
208
206
206
206
206
202
202
200
200
198
194
192
191
194
194
194
192
192
194
192
191
190
190
194
194
194
194
194
196
198
198
196
198
200
204
204
205
204
204
206
210
212
212
212
216
218
216
214
212
214
216
216
212
212
210
210
208
206
206
202
204
202
198
194
192
192
191
191
190
188
186
188
186
182
180
182
186
186
184
184
182
186
186
186
186
190
192
196
198
196
196
198
202
204
202
202
204
206
206
206
206
206
210
210
206
204
204
206
204
204
204
204
205
210
208
206
205
204
206
206
206
206
206
206
208
204
202
203
204
206
206
204
203
202
204
202
202
201
204
206
206
206
204
204
206
210
208
208
208
210
211
210
208
210
212
216
214
212
210
212
214
212
208
208
208
208
206
202
198
196
196
196
192
190
190
190
190
188
186
184
188
192
192
192
192
192
198
198
200
202
204
206
208
206
205
206
206
210
210
208
206
206
212
210
204
206
206
208
208
204
202
202
204
202
202
200
200
204
204
202
202
202
202
206
206
206
206
210
210
208
204
202
204
206
208
204
202
202
202
204
202
200
202
204
204
204
202
198
200
200
200
198
196
196
198
196
190
188
186
188
188
184
182
180
182
180
178
176
174
174
176
174
172
168
170
170
170
170
168
170
174
174
174
174
174
180
182
181
182
180
182
184
184
184
184
188
188
186
184
182
182
184
184
184
182
180
182
182
180
178
176
180
178
178
172
172
172
172
172
172
172
172
174
174
170
168
168
172
174
174
174
176
176
178
176
174
174
176
180
178
176
176
176
176
176
174
173
174
176
178
174
173
170
176
176
176
174
174
178
178
180
178
178
184
184
184
184
182
182
182
182
180
178
180
180
180
176
174
170
172
170
172
170
170
172
174
174
172
172
176
180
184
180
182
180
186
184
182
180
180
178
178
176
172
168
170
170
170
170
168
170
174
173
172
172
174
180
180
178
178
180
178
182
180
182
183
188
186
186
186
186
186
190
188
188
186
186
184
182
180
178
178
180
182
178
178
178
178
180
180
178
180
184
184
184
184
186
188
188
190
190
190
190
192
191
190
190
188
190
192
190
188
188
190
190
192
192
194
198
202
204
202
202
204
206
208
208
206
204
206
204
202
198
198
198
198
198
194
192
196
192
190
188
186
188
186
188
186
186
184
188
190
188
188
188
190
192
191
188
188
190
192
194
190
190
190
190
190
190
188
190
190
192
190
188
186
188
188
186
184
184
182
186
184
182
182
184
186
187
186
184
186
188
186
186
186
184
186
184
182
180
178
178
182
182
182
182
184
188
188
190
190
192
196
200
198
198
200
200
202
202
200
200
204
206
204
201
200
198
202
202
198
194
194
196
196
190
188
188
190
190
190
188
190
192
192
192
194
196
200
202
205
204
206
206
210
214
214
216
216
218
216
216
214
214
214
214
212
210
208
208
210
205
204
204
206
206
204
204
200
200
204
204
206
206
208
214
214
212
208
208
210
216
214
214
216
216
218
216
216
216
216
218
220
220
218
216
218
218
220
218
218
220
222
218
216
216
218
218
216
210
206
206
206
206
204
202
204
208
210
208
206
208
210
212
214
214
212
214
212
210
206
202
196
190
184
172
160
150
146
138
132
128
128
130
130
128
124
120
122
124
128
132
134
140
142
144
142
142
142
148
150
154
158
162
172
180
188
192
200
210
220
222
228
232
238
246
248
252
254
254
258
260
256
254
254
254
256
254
252
250
248
248
244
238
236
237
238
236
232
228
228
230
230
230
228
228
230
230
228
224
224
226
230
226
226
226
228
228
228
228
228
232
234
236
234
236
238
244
246
248
248
248
250
252
252
248
246
248
250
248
244
240
238
238
234
232
232
232
232
234
232
230
230
232
234
234
232
234
234
238
236
232
232
232
234
234
230
226
226
228
224
220
220
220
222
222
222
220
218
218
220
220
220
220
221
222
222
220
218
220
224
226
226
226
226
230
230
230
230
228
230
232
232
226
222
220
220
220
218
216
218
220
220
216
214
216
220
222
222
220
220
220
222
222
220
222
226
228
228
226
226
224
226
226
224
222
222
220
222
218
214
212
212
214
212
208
206
204
204
204
200
199
200
202
204
202
200
198
200
202
200
200
200
202
202
200
200
200
202
202
204
202
196
190
186
174
164
152
142
132
118
104
96
90
90
92
94
92
92
94
100
108
112
122
130
142
156
168
178
190
200
212
220
228
234
240
248
254
256
258
260
260
260
260
256
252
252
252
246
240
237
234
234
228
226
222
222
220
220
220
218
220
222
224
222
224
222
228
230
230
230
230
234
236
236
234
234
236
240
238
237
236
234
234
230
228
226
224
226
224
222
220
216
218
218
214
212
210
212
212
214
212
210
214
216
216
214
214
214
217
216
216
216
214
218
218
218
216
216
216
218
218
218
218
220
222
222
218
216
214
218
218
216
214
214
214
216
216
214
214
216
218
218
216
214
216
216
216
216
216
214
216
216
214
210
210
212
212
212
212
212
212
214
212
212
212
212
214
214
214
212
212
216
214
210
208
206
206
206
202
198
196
196
196
192
188
186
184
184
182
178
174
174
176
174
174
172
172
176
178
178
178
178
182
182
184
184
184
186
186
188
186
184
184
186
182
182
180
178
180
182
180
178
180
180
184
184
184
182
186
186
184
182
180
180
182
182
180
178
176
178
176
172
170
166
168
168
166
164
162
160
162
160
158
156
158
160
160
158
158
158
160
162
158
158
156
158
158
156
152
150
152
154
152
152
152
154
156
158
158
158
160
164
166
164
160
162
164
168
166
166
168
168
172
172
170
170
173
174
176
172
172
170
172
170
170
168
170
170
174
174
172
172
174
176
176
174
170
170
172
170
170
170
168
172
174
172
170
170
170
172
172
170
168
174
173
174
172
172
174
180
182
184
184
188
190
192
190
190
190
196
196
196
196
196
198
200
198
198
196
201
200
200
198
198
197
200
200
198
196
198
200
198
198
196
196
198
200
196
194
196
197
198
200
198
198
200
200
200
198
196
194
196
194
190
184
180
174
170
16